      0/99      6.3G      6.57      5.05      2.19      13.8        46       416     0.149     0.102    0.0635    0.0847      5.03      3.14      1.49
      1/99     7.38G      4.78      2.48      1.27      8.53        63       416     0.279     0.277     0.232     0.243       4.5      2.23      1.05
      2/99     7.38G      4.26       2.1     0.987      7.34        68       416     0.449     0.307     0.332     0.299      3.66      2.04     0.939
      3/99     7.38G      3.65       1.9     0.714      6.27        59       416      0.42     0.534     0.495     0.451      3.27      1.83     0.612
      4/99     7.38G      3.16      1.77     0.514      5.44        57       416      0.49     0.609      0.54     0.524       2.9      1.72     0.465
      5/99     7.38G      2.95      1.65       0.4         5        50       416     0.611     0.638     0.643     0.613      2.51      1.66     0.365
      6/99     7.38G      2.74      1.59     0.332      4.67        55       416     0.574     0.659     0.641      0.61      2.35      1.58     0.319
      7/99     7.38G      2.59       1.5     0.292      4.38        47       416      0.62     0.695       0.7     0.649      2.22      1.52     0.287
      8/99     7.38G      2.46      1.48     0.259       4.2        62       416     0.755     0.722      0.72     0.687      2.15      1.44      0.25
      9/99     7.38G      2.38      1.46     0.245      4.08        46       416     0.664     0.716     0.721     0.685      2.13      1.45     0.239
     10/99     7.38G      2.31      1.41     0.227      3.95        66       416     0.844     0.689     0.735     0.705      2.11      1.41     0.235
     11/99     7.38G      2.21      1.38     0.209       3.8        43       416     0.758     0.719     0.753     0.732      1.91      1.39     0.215
     12/99     7.38G      2.16      1.36     0.199      3.72        59       416      0.73     0.764     0.758     0.745      1.95      1.37     0.196
     13/99     7.38G      2.11      1.35     0.189      3.65        52       416     0.815     0.755      0.78      0.76      1.89      1.35     0.205
     14/99     7.38G      2.04      1.28     0.188      3.51        57       416     0.755     0.735     0.762     0.741      1.88      1.32     0.192
     15/99     7.38G         2      1.27     0.168      3.44        59       416     0.846      0.75     0.782     0.762      1.86      1.37     0.181
     16/99     7.38G      1.98      1.29     0.165      3.44        41       416     0.826     0.759     0.781     0.766      1.82      1.26     0.176
     17/99     7.38G      1.91      1.24     0.159      3.31        46       416     0.789      0.77     0.784     0.773      1.72      1.22     0.169
     18/99     7.38G       1.9      1.23     0.153      3.29        52       416     0.824     0.767     0.795     0.787      1.73      1.29     0.178
     19/99     7.38G      1.85      1.21     0.148       3.2        45       416     0.793     0.808     0.813     0.797      1.71      1.23     0.164
     20/99     7.38G      1.83      1.19     0.142      3.17        70       416      0.83     0.766     0.793     0.785      1.66      1.21     0.147
     21/99     7.38G      1.81      1.19     0.143      3.14        52       416     0.858     0.756     0.796      0.78       1.7      1.27     0.163
     22/99     7.38G      1.78      1.17      0.14      3.09        60       416     0.781     0.746     0.776     0.756      1.64      1.18     0.147
     23/99     7.38G      1.77      1.16     0.129      3.06        70       416     0.858      0.81     0.833     0.825      1.58      1.16     0.137
     24/99     7.38G      1.72      1.12     0.125      2.97        41       416     0.884     0.805     0.837      0.83      1.64      1.19      0.14
     25/99     7.38G      1.71      1.12      0.13      2.96        45       416     0.854     0.806     0.823     0.826      1.52      1.12      0.14
     26/99     7.38G      1.68      1.11      0.12      2.91        45       416     0.838     0.809     0.824      0.82      1.55      1.17     0.127
     27/99     7.38G      1.64      1.11     0.115      2.86        37       416     0.851     0.795     0.839     0.811      1.53      1.13     0.136
     28/99     7.38G      1.64      1.11     0.121      2.88        37       416     0.855     0.779     0.809     0.807      1.55      1.13     0.127
     29/99     7.38G      1.63      1.07     0.115      2.82        45       416     0.848     0.814     0.841     0.823      1.51      1.09     0.131
     30/99     7.38G      1.61      1.06     0.111      2.78        41       416     0.818     0.799     0.817     0.806       1.5      1.09     0.118
     31/99     7.38G      1.57      1.07     0.109      2.74        42       416     0.843     0.793     0.833      0.81      1.48       1.1     0.116
     32/99     7.38G      1.56      1.05     0.106      2.72        43       416      0.89     0.828     0.862     0.852      1.44      1.08     0.114
     33/99     7.38G      1.54      1.03     0.109      2.67        45       416      0.87     0.816     0.846     0.838      1.46      1.12     0.104
     34/99     7.38G       1.5      1.05     0.104      2.66        53       416     0.886      0.79     0.815     0.828      1.44      1.13     0.107
     35/99     7.38G       1.5      1.02     0.101      2.62        61       416     0.881     0.835     0.852     0.854       1.4      1.06     0.102
     36/99     7.38G      1.49      1.01    0.0947      2.59        55       416     0.856     0.804     0.837     0.824      1.41      1.02     0.104
     37/99     7.38G      1.46     0.994    0.0923      2.55        58       416     0.886     0.834     0.865     0.855      1.41      1.04    0.0958
     38/99     7.38G      1.46     0.992    0.0922      2.55        49       416     0.885     0.819     0.852     0.846      1.37      1.09     0.106
     39/99     7.38G      1.42     0.975    0.0908      2.49        53       416     0.862     0.829     0.839     0.842      1.38         1     0.104
     40/99     7.38G      1.44     0.989    0.0963      2.52        48       416     0.866     0.804     0.832     0.829      1.44      1.05     0.104
     41/99     7.38G      1.39     0.949    0.0885      2.43        59       416     0.892     0.832      0.86     0.857      1.36      1.01    0.0965
     42/99     7.38G      1.39     0.978    0.0852      2.45        45       416     0.908     0.849     0.872     0.873      1.35      1.01    0.0963
     43/99     7.38G      1.38     0.952    0.0869      2.42        72       416      0.87     0.822     0.856     0.842      1.34     0.987    0.0933
     44/99     7.38G      1.36     0.959    0.0844      2.41        57       416     0.893     0.808     0.847     0.839      1.34      1.04     0.101
     45/99     7.38G      1.35      0.93    0.0796      2.36        58       416     0.871      0.82     0.844      0.84      1.35      1.02    0.0948
     46/99     7.38G      1.32     0.933    0.0794      2.34        56       416     0.868     0.821     0.857      0.84      1.31     0.993    0.0936
     47/99     7.38G      1.32      0.92    0.0772      2.31        62       416     0.859     0.825     0.858     0.836      1.37      1.01    0.0989
     48/99     7.38G      1.29     0.912     0.075      2.28        50       416     0.842     0.831     0.853     0.833      1.28     0.938    0.0946
     49/99     7.38G      1.28     0.917    0.0766      2.27        62       416      0.89      0.79     0.834     0.824      1.35     0.972    0.0937
     50/99     7.38G      1.27     0.898    0.0754      2.25        49       416     0.891     0.847     0.867     0.866      1.26     0.942    0.0839
     51/99     7.38G      1.27     0.885    0.0763      2.23        45       416     0.888     0.836     0.859     0.858      1.28     0.996    0.0899
     52/99     7.38G      1.25     0.878    0.0718       2.2        39       416     0.868     0.841     0.854     0.852      1.27     0.937     0.085
     53/99     7.38G      1.24     0.871    0.0686      2.18        43       416     0.888     0.855     0.873     0.865      1.26     0.947    0.0838
     54/99     7.38G      1.21     0.858    0.0683      2.14        39       416      0.88     0.841     0.876     0.858      1.24     0.941    0.0765
     55/99     7.38G      1.21     0.861    0.0688      2.14        40       416     0.886     0.821     0.857     0.846      1.26     0.943    0.0808
     56/99     7.38G      1.18     0.838    0.0659      2.08        67       416     0.907     0.826     0.868     0.856      1.24     0.958    0.0821
     57/99     7.38G      1.19     0.841    0.0638      2.09        51       416     0.902     0.812     0.863     0.844      1.25     0.951    0.0807
     58/99     7.38G      1.16     0.816    0.0622      2.04        47       416     0.898     0.823     0.869     0.854      1.25     0.947    0.0812
     59/99     7.38G      1.16     0.825    0.0654      2.05        60       416     0.876     0.855     0.875     0.861      1.21     0.909    0.0823
     60/99     7.38G      1.14     0.821     0.062      2.02        32       416     0.887     0.815     0.855     0.844      1.21     0.933    0.0815
     61/99     7.38G      1.12     0.796      0.06      1.98        42       416     0.896     0.845     0.874     0.867      1.19     0.935    0.0761
     62/99     7.38G      1.13     0.805    0.0588      1.99        60       416     0.911     0.837     0.887     0.868       1.2     0.912    0.0743
     63/99     7.38G      1.11     0.798    0.0578      1.97        58       416     0.892     0.832     0.878     0.857      1.21     0.945    0.0774
     64/99     7.38G      1.11     0.792    0.0567      1.96        61       416     0.858     0.848     0.861      0.85      1.18     0.913    0.0743
     65/99     7.38G      1.09     0.789    0.0563      1.94        55       416     0.923     0.842     0.876     0.876       1.2     0.933    0.0748
     66/99     7.38G      1.07     0.766    0.0544      1.89        35       416     0.878     0.842     0.881     0.857      1.17     0.909     0.073
     67/99     7.38G      1.07     0.762    0.0558      1.89        52       416     0.892     0.837     0.876     0.861      1.16      0.87     0.072
     68/99     7.38G      1.06     0.758    0.0551      1.87        68       416     0.901     0.854     0.883     0.874      1.16     0.879    0.0724
     69/99     7.38G      1.06     0.742    0.0506      1.85        45       416     0.881     0.834     0.875     0.853      1.17     0.912    0.0669
     70/99     7.38G      1.04     0.748    0.0506      1.84        43       416     0.884     0.828     0.869     0.851      1.16     0.899     0.071
     71/99     7.38G      1.03     0.738    0.0496      1.82        48       416     0.901     0.866     0.888      0.88      1.16       0.9    0.0722
     72/99     7.38G      1.02     0.733    0.0507       1.8        47       416     0.882     0.839     0.861     0.856      1.16     0.892    0.0744
     73/99     7.38G      1.01     0.737    0.0464      1.79        32       416     0.916     0.856     0.887     0.881      1.14     0.916    0.0691
     74/99     7.38G      1.02     0.716    0.0503      1.78        51       416      0.91     0.865     0.891     0.883      1.13     0.885    0.0683
     75/99     7.38G         1     0.713    0.0446      1.76        55       416     0.921     0.863     0.897     0.888      1.14     0.906    0.0671
     76/99     7.38G     0.995     0.715    0.0458      1.76        59       416     0.918     0.858     0.884     0.883      1.14     0.893    0.0677
     77/99     7.38G     0.984     0.704    0.0467      1.73        44       416     0.906     0.857     0.887     0.878      1.14     0.886    0.0678
     78/99     7.38G     0.977     0.691    0.0465      1.71        61       416     0.913     0.841     0.879      0.87      1.14     0.901    0.0653
     79/99     7.38G     0.986     0.712    0.0472      1.74        50       416     0.917     0.864     0.892     0.886      1.13     0.914    0.0656
     80/99     7.38G     0.962     0.688    0.0433      1.69        53       416     0.922     0.861     0.891     0.887      1.14     0.895     0.067
     81/99     7.38G     0.952     0.687    0.0454      1.68        65       416     0.926     0.857     0.892     0.886      1.12     0.888     0.066
     82/99     7.38G     0.959     0.693     0.045       1.7        37       416     0.923     0.857     0.884     0.885      1.12     0.919    0.0646
     83/99     7.38G     0.949     0.701    0.0427      1.69        49       416     0.934     0.864     0.889     0.894      1.11     0.892    0.0643
     84/99     7.38G     0.941      0.68    0.0401      1.66        58       416     0.933     0.856     0.889     0.888      1.11     0.871    0.0636
     85/99     7.38G     0.935     0.676    0.0447      1.66        44       416     0.912     0.846     0.879     0.874      1.11     0.894    0.0628
     86/99     7.38G     0.937     0.671    0.0434      1.65        44       416     0.928     0.856      0.89     0.886      1.11     0.888    0.0623
     87/99     7.38G     0.926     0.659    0.0398      1.62        56       416     0.911     0.851     0.886     0.877       1.1     0.886    0.0608
     88/99     7.38G     0.927     0.661    0.0421      1.63        48       416     0.917      0.86     0.885     0.884       1.1     0.881    0.0619
     89/99     7.38G     0.934     0.668     0.043      1.65        42       416     0.917     0.857     0.884     0.882       1.1     0.877    0.0624
     90/99     7.38G     0.911     0.659    0.0415      1.61        46       416     0.907      0.85     0.885     0.874       1.1     0.879    0.0605
     91/99     7.38G     0.924     0.665    0.0423      1.63        72       416     0.905     0.846     0.882     0.871       1.1      0.87    0.0607
     92/99     7.38G     0.912     0.645    0.0403       1.6        65       416     0.921     0.859      0.89     0.885       1.1      0.88    0.0622
     93/99     7.38G     0.906     0.658    0.0393       1.6        59       416     0.911     0.857     0.889      0.88       1.1     0.881    0.0603
     94/99     7.38G     0.899     0.648    0.0397      1.59        29       416     0.927     0.859     0.892     0.888      1.09     0.865    0.0623
     95/99     7.38G     0.907     0.647    0.0407       1.6        42       416     0.924     0.858     0.894     0.886      1.09     0.862    0.0621
     96/99     7.38G     0.902     0.643    0.0411      1.59        44       416     0.917     0.857     0.893     0.882      1.09     0.876    0.0613
     97/99     7.38G     0.896     0.636     0.041      1.57        45       416     0.919     0.856      0.89     0.883      1.09     0.867    0.0619
     98/99     7.38G     0.887     0.636     0.039      1.56        49       416     0.926     0.857     0.891     0.886      1.09     0.877    0.0621
     99/99     7.38G     0.906      0.65      0.04       1.6        61       416     0.919     0.858     0.888     0.884      1.09     0.859    0.0608
