      0/99     4.44G       4.9      2.65      3.54      11.1        17       416     0.405     0.207     0.205      0.25      3.49       1.8      3.06
      1/99     4.43G      3.58      1.43      2.55      7.56        17       416     0.591     0.494     0.433     0.449      3.51       1.4      1.81
      2/99     4.43G      3.49      1.22      1.62      6.33        21       416     0.636     0.563     0.587     0.534      3.46       1.2      1.33
      3/99     4.43G      3.18      1.12       1.2       5.5        20       416     0.629     0.736     0.717     0.676      2.82      1.14     0.837
      4/99     4.44G      2.91      1.07     0.922      4.91        15       416     0.668     0.769     0.779     0.708      2.75      1.07     0.683
      5/99     4.44G      2.72     0.998     0.791      4.51        17       416     0.804     0.707     0.777     0.729      2.45      1.12     0.754
      6/99     4.44G      2.57     0.974     0.696      4.24        19       416      0.74     0.831      0.86     0.782      2.29     0.986     0.489
      7/99     4.44G      2.46     0.934     0.616      4.01        21       416     0.814     0.828     0.876     0.816      2.25     0.936     0.473
      8/99     4.44G       2.4     0.885      0.56      3.84        19       416     0.824     0.838     0.868     0.829      2.27     0.948     0.479
      9/99     4.44G      2.32     0.869     0.519      3.71        21       416     0.872     0.843     0.891     0.854      2.14     0.945     0.461
     10/99     4.44G      2.26     0.849     0.467      3.57        14       416     0.861     0.879     0.917     0.868      2.05     0.888     0.392
     11/99     4.44G      2.19      0.84     0.451      3.48        15       416     0.873     0.881     0.916     0.877      2.08     0.891     0.418
     12/99     4.44G      2.12     0.817     0.418      3.36        24       416     0.866     0.892     0.923     0.878      1.94     0.856     0.362
     13/99     4.44G      2.08     0.799     0.396      3.27        12       416     0.887     0.883     0.925     0.884      1.89     0.833      0.35
     14/99     4.44G      2.04     0.785     0.366      3.19        27       416     0.875     0.896     0.926     0.884      1.89     0.833     0.327
     15/99     4.44G      2.01     0.762      0.36      3.13        17       416       0.9     0.901     0.936       0.9      1.87     0.842      0.31
     16/99     4.44G      1.97     0.762     0.347      3.08        18       416     0.891     0.898     0.937     0.893       1.8     0.845      0.29
     17/99     4.44G      1.92     0.727     0.304      2.95        12       416      0.89     0.914      0.94     0.901      1.79     0.824     0.299
     18/99     4.44G      1.89     0.733     0.318      2.94        18       416     0.891     0.917     0.937     0.903      1.76     0.779     0.304
     19/99     4.44G      1.85     0.738     0.332      2.92        25       416     0.881      0.93     0.944     0.905      1.74     0.774     0.295
     20/99     4.44G      1.84     0.724     0.302      2.86        20       416     0.887     0.929     0.943     0.907       1.7     0.774     0.272
     21/99     4.44G       1.8     0.702      0.28      2.78        20       416      0.92     0.921     0.948      0.92      1.66     0.787     0.282
     22/99     4.44G      1.76     0.698     0.264      2.72        24       416     0.902     0.929     0.949     0.915      1.63     0.776      0.28
     23/99     4.44G      1.75     0.678     0.289      2.72        15       416     0.848     0.935     0.951     0.889      1.66     0.743     0.285
     24/99     4.44G      1.74     0.694     0.295      2.73        13       416     0.891     0.925     0.943     0.907      1.68     0.752     0.285
     25/99     4.44G      1.71     0.668     0.269      2.65        24       416     0.895     0.932     0.953     0.913      1.61     0.757     0.246
     26/99     4.44G      1.69     0.669     0.251      2.61        16       416     0.894     0.938     0.954     0.915      1.58     0.763     0.258
     27/99     4.44G      1.68     0.674     0.259      2.62        20       416     0.906     0.932     0.946     0.918      1.62     0.748     0.276
     28/99     4.44G      1.64     0.649     0.243      2.54        17       416     0.898     0.951     0.957     0.924      1.57     0.712     0.229
     29/99     4.44G      1.65     0.639     0.235      2.53        25       416     0.896     0.935     0.953     0.915      1.52     0.748     0.261
     30/99     4.44G      1.63     0.641     0.235       2.5        17       416     0.905     0.945     0.959     0.924      1.52       0.7     0.236
     31/99     4.44G      1.58     0.637     0.222      2.44        21       416     0.901     0.938     0.955     0.918       1.5     0.697     0.232
     32/99     4.44G      1.58     0.635     0.223      2.43        16       416     0.907     0.947      0.96     0.926      1.48      0.71     0.202
     33/99     4.44G      1.56     0.622     0.217      2.39        17       416     0.915      0.94     0.954     0.927      1.49     0.716     0.223
     34/99     4.44G      1.54     0.605     0.221      2.37        15       416     0.899     0.944     0.963      0.92      1.48     0.739     0.251
     35/99     4.44G      1.52     0.626       0.2      2.35        16       416     0.909     0.945     0.959     0.926      1.44     0.699     0.241
     36/99     4.44G      1.54     0.608     0.196      2.34        16       416     0.897     0.951     0.964     0.923      1.43     0.678     0.217
     37/99     4.44G      1.49     0.606     0.188      2.28        16       416     0.909     0.952     0.965     0.929      1.41     0.684     0.217
     38/99     4.44G      1.47     0.608     0.195      2.27        16       416     0.924     0.945     0.962     0.934       1.4     0.672     0.235
     39/99     4.44G      1.47     0.584      0.16      2.22        16       416     0.914     0.942      0.96     0.927      1.41     0.691     0.222
     40/99     4.44G      1.42      0.59     0.183      2.19        20       416     0.922     0.937     0.959     0.929      1.39     0.695      0.23
     41/99     4.44G      1.43     0.579     0.184      2.19        17       416     0.917     0.946     0.967     0.931      1.38     0.684     0.209
     42/99     4.44G      1.42     0.572     0.176      2.17        16       416     0.913     0.955     0.967     0.933      1.38     0.698     0.193
     43/99     4.44G      1.39     0.576     0.169      2.14        23       416     0.921     0.953     0.964     0.937      1.36     0.674     0.205
     44/99     4.44G      1.38     0.558     0.164       2.1        17       416     0.908     0.955     0.963     0.931      1.35     0.656     0.206
     45/99     4.44G      1.35     0.565     0.154      2.07        16       416      0.91     0.951     0.967      0.93      1.34     0.654     0.209
     46/99     4.44G      1.36     0.554     0.161      2.07        14       416     0.904     0.952     0.966     0.927      1.35     0.643     0.208
     47/99     4.44G      1.34     0.552     0.163      2.06        21       416     0.919     0.946     0.962     0.932      1.34     0.657     0.231
     48/99     4.44G      1.29     0.533     0.153      1.97        24       416     0.916      0.95     0.965     0.932      1.32     0.654     0.218
     49/99     4.44G       1.3     0.527     0.152      1.98        19       416     0.913     0.951     0.967     0.931      1.32     0.659     0.197
     50/99     4.44G      1.29     0.539     0.161      1.99        12       416      0.91     0.951     0.964     0.929      1.29     0.656     0.201
     51/99     4.44G      1.27     0.523     0.131      1.92        17       416     0.923     0.954     0.965     0.938       1.3     0.643      0.21
     52/99     4.44G      1.25     0.514     0.132       1.9        16       416     0.912     0.957      0.97     0.934      1.29     0.648     0.201
     53/99     4.44G      1.23     0.519     0.128      1.87        23       416     0.919     0.955     0.967     0.936      1.27     0.662     0.182
     54/99     4.44G      1.23     0.525     0.137      1.89        17       416     0.917     0.957     0.968     0.936      1.28     0.624      0.18
     55/99     4.44G       1.2      0.52     0.126      1.85        17       416     0.916     0.955     0.963     0.935      1.26      0.62     0.202
     56/99     4.44G      1.19     0.507     0.136      1.84        16       416     0.914     0.952     0.968     0.933      1.25      0.62     0.194
     57/99     4.44G      1.18     0.489     0.126      1.79        20       416     0.917     0.956     0.972     0.936      1.25     0.622     0.191
     58/99     4.44G      1.17     0.492      0.12      1.78        16       416     0.921     0.952     0.969     0.936      1.24     0.634       0.2
     59/99     4.44G      1.16     0.492     0.105      1.75        20       416     0.923     0.953     0.971     0.938      1.23     0.623     0.195
     60/99     4.44G      1.14     0.487     0.123      1.75        16       416     0.924     0.956     0.972      0.94      1.23     0.629     0.185
     61/99     4.44G      1.13     0.483     0.121      1.73        13       416     0.915     0.953      0.97     0.933      1.22     0.655     0.176
     62/99     4.44G       1.1     0.476     0.104      1.68        25       416      0.92     0.957     0.973     0.938      1.21     0.633     0.185
     63/99     4.44G      1.11     0.473     0.109      1.69        21       416     0.919     0.961     0.971     0.939      1.22     0.638     0.173
     64/99     4.44G      1.09     0.473     0.106      1.67        19       416     0.923     0.956     0.971     0.939      1.21     0.636     0.179
     65/99     4.44G      1.07     0.475     0.106      1.65        19       416     0.928     0.956     0.974     0.942       1.2     0.613     0.174
     66/99     4.44G      1.06     0.466     0.101      1.63        25       416     0.921     0.959     0.972      0.94      1.19     0.622     0.174
     67/99     4.44G      1.05     0.463     0.113      1.63        14       416     0.922     0.956     0.972     0.938      1.18     0.617     0.184
     68/99     4.44G      1.04     0.449    0.0964      1.58        14       416     0.926     0.952     0.971     0.939      1.18     0.641      0.19
     69/99     4.44G      1.02     0.443    0.0927      1.55        14       416     0.928     0.955     0.973     0.941      1.16      0.63     0.178
     70/99     4.44G      1.01     0.441    0.0998      1.55        23       416     0.931     0.956     0.973     0.943      1.17     0.611     0.178
     71/99     4.44G     0.992     0.437    0.0788      1.51        16       416     0.925     0.958     0.974     0.941      1.16     0.623      0.18
     72/99     4.44G     0.973     0.423    0.0885      1.48        17       416     0.926     0.956     0.972     0.941      1.15     0.617     0.179
     73/99     4.44G     0.972     0.431    0.0856      1.49        21       416     0.934     0.953     0.974     0.943      1.15     0.624     0.178
     74/99     4.44G     0.961      0.43    0.0967      1.49        17       416     0.926     0.959     0.973     0.942      1.15     0.611     0.168
     75/99     4.44G     0.959     0.431    0.0837      1.47        14       416     0.929     0.958     0.971     0.943      1.15     0.618     0.183
     76/99     4.44G     0.945     0.419    0.0842      1.45        12       416     0.919     0.961     0.974      0.94      1.15     0.627     0.183
     77/99     4.44G     0.937     0.414    0.0762      1.43        21       416     0.925      0.96     0.974     0.942      1.15      0.62     0.182
     78/99     4.44G     0.915     0.407    0.0812       1.4        12       416     0.926     0.956     0.974     0.941      1.15      0.63     0.174
     79/99     4.44G     0.916       0.4    0.0738      1.39        24       416      0.93     0.957     0.975     0.943      1.14     0.606     0.172
     80/99     4.44G     0.913     0.404    0.0752      1.39        27       416     0.931     0.955     0.975     0.943      1.14      0.61     0.177
     81/99     4.44G     0.895     0.409    0.0712      1.38        17       416      0.93     0.956     0.974     0.943      1.14     0.622      0.18
     82/99     4.44G     0.893     0.395    0.0721      1.36        20       416     0.927     0.955     0.975      0.94      1.14     0.613     0.169
     83/99     4.44G     0.878     0.403    0.0778      1.36        19       416     0.932     0.957     0.976     0.944      1.13     0.619     0.163
     84/99     4.44G     0.872     0.395    0.0672      1.33        17       416     0.925     0.955     0.975     0.939      1.14     0.607     0.172
     85/99     4.44G     0.875     0.391    0.0778      1.34        17       416     0.928      0.96     0.976     0.944      1.13     0.609     0.177
     86/99     4.44G     0.852     0.389    0.0643      1.31        19       416     0.933     0.959     0.975     0.945      1.14     0.613     0.182
     87/99     4.44G     0.864     0.397    0.0673      1.33        17       416     0.931     0.956     0.975     0.943      1.13     0.619     0.176
     88/99     4.44G     0.857     0.375    0.0734      1.31        24       416     0.928     0.953     0.974      0.94      1.13     0.624     0.181
     89/99     4.44G     0.832     0.377    0.0624      1.27        14       416     0.925     0.955     0.975     0.939      1.13     0.627     0.181
     90/99     4.44G     0.831     0.369     0.067      1.27        23       416     0.927     0.958     0.975     0.942      1.13     0.613     0.177
     91/99     4.44G     0.822     0.376    0.0564      1.25        18       416     0.925     0.954     0.975     0.939      1.13     0.619     0.177
     92/99     4.44G     0.829     0.362    0.0653      1.26        18       416     0.928     0.957     0.975     0.942      1.12     0.624     0.186
     93/99     4.44G     0.827     0.377    0.0682      1.27        14       416     0.928     0.956     0.975     0.942      1.12      0.62     0.176
     94/99     4.44G      0.82     0.365    0.0764      1.26        17       416     0.929     0.959     0.976     0.944      1.12     0.616     0.169
     95/99     4.44G     0.809     0.364    0.0638      1.24        18       416     0.925     0.957     0.975     0.941      1.12      0.62     0.174
     96/99     4.44G     0.804     0.372    0.0621      1.24        20       416     0.928     0.958     0.976     0.942      1.12     0.621     0.177
     97/99     4.44G     0.804     0.368    0.0521      1.22        12       416     0.925     0.957     0.975     0.941      1.12      0.62     0.178
     98/99     4.44G      0.81      0.36    0.0662      1.24        15       416      0.92     0.957     0.975     0.938      1.12     0.623     0.174
     99/99     4.44G     0.797      0.36    0.0674      1.22        11       416      0.92     0.958     0.975     0.938      1.12     0.609     0.174
