      0/99     6.33G      6.57      5.02         0      11.6       159       416     0.268     0.524     0.246     0.354      5.31      3.88         0
      1/99     7.37G      4.59      2.46         0      7.05       173       416     0.423     0.744      0.61     0.539      4.11      2.22         0
      2/99     7.38G      3.91         2         0      5.91       146       416     0.501     0.823     0.762     0.623      3.27      1.82         0
      3/99     7.38G      3.78      1.96         0      5.74       154       416     0.665     0.824     0.818     0.736         3      1.88         0
      4/99     7.38G      3.06      1.67         0      4.73       166       416     0.658     0.843     0.821     0.739      3.14      1.73         0
      5/99     7.38G      2.78      1.61         0      4.39       188       416     0.756     0.873     0.893      0.81      2.45      1.53         0
      6/99     7.38G       2.6       1.5         0       4.1       151       416     0.728     0.901     0.904     0.805      2.23      1.43         0
      7/99     7.38G      2.41       1.4         0      3.81       181       416      0.82     0.891     0.917     0.854      2.07      1.47         0
      8/99     7.38G      2.31      1.38         0       3.7       163       416     0.792     0.894     0.914      0.84       2.1      1.32         0
      9/99     7.38G      2.21      1.33         0      3.54       151       416      0.82     0.905     0.919      0.86      1.96      1.29         0
     10/99     7.38G      2.08       1.3         0      3.38       126       416     0.822     0.922     0.932     0.869      1.95      1.28         0
     11/99     7.38G      2.06      1.28         0      3.34       157       416     0.843     0.923     0.936     0.881      1.77      1.18         0
     12/99     7.38G      1.94      1.21         0      3.16       152       416      0.85     0.926      0.94     0.886      1.76      1.18         0
     13/99     7.38G      1.92       1.2         0      3.13       171       416      0.87     0.918     0.937     0.893      1.73      1.18         0
     14/99     7.38G      1.88      1.18         0      3.05       170       416     0.881     0.927     0.949     0.903      1.71      1.18         0
     15/99     7.38G      1.85      1.17         0      3.02       153       416     0.876     0.907     0.935     0.891      1.71       1.2         0
     16/99     7.38G      1.78      1.15         0      2.94       144       416     0.894     0.938     0.952     0.915       1.6      1.13         0
     17/99     7.38G      1.76      1.14         0      2.89       165       416     0.868     0.942     0.951     0.903      1.55       1.1         0
     18/99     7.38G      1.72      1.12         0      2.85       142       416     0.893      0.94     0.954     0.916      1.56      1.15         0
     19/99     7.38G      1.68       1.1         0      2.77       142       416     0.888      0.93     0.946     0.909      1.57      1.12         0
     20/99     7.38G      1.65      1.06         0      2.72       138       416     0.908      0.94     0.955     0.924      1.54      1.05         0
     21/99     7.38G      1.63      1.07         0       2.7       140       416     0.903     0.943     0.955     0.923      1.54      1.09         0
     22/99     7.38G      1.63      1.07         0       2.7       157       416     0.921     0.942     0.958     0.931      1.47      1.11         0
     23/99     7.38G       1.6      1.06         0      2.66       150       416     0.885     0.947     0.956     0.915       1.4      1.01         0
     24/99     7.38G      1.56      1.05         0       2.6       139       416       0.9     0.944     0.957     0.921      1.45     0.999         0
     25/99     7.38G      1.52      1.03         0      2.55       158       416     0.913     0.945     0.958     0.928      1.48      1.01         0
     26/99     7.38G      1.51     0.992         0       2.5       177       416     0.901      0.95      0.96     0.925      1.35     0.944         0
     27/99     7.38G      1.51     0.988         0      2.49       150       416     0.909     0.952     0.967      0.93      1.41     0.986         0
     28/99     7.38G      1.46     0.985         0      2.45       130       416     0.918     0.948     0.963     0.933      1.37     0.958         0
     29/99     7.38G      1.46     0.984         0      2.44       150       416     0.923     0.953     0.965     0.938      1.37     0.945         0
     30/99     7.38G      1.43      0.99         0      2.42       133       416     0.913     0.956     0.962     0.934      1.34     0.935         0
     31/99     7.38G       1.4     0.947         0      2.35       139       416     0.908     0.919     0.952     0.913      1.43      0.98         0
     32/99     7.38G      1.41     0.932         0      2.34       156       416     0.926     0.955     0.965      0.94      1.32     0.935         0
     33/99     7.38G      1.38     0.938         0      2.32       168       416     0.916     0.951     0.961     0.934      1.29     0.886         0
     34/99     7.38G      1.37     0.919         0      2.29       165       416     0.943     0.938     0.961     0.941       1.3     0.907         0
     35/99     7.38G      1.34     0.908         0      2.25       123       416     0.924     0.958     0.968     0.941      1.27     0.825         0
     36/99     7.38G      1.32     0.901         0      2.22       133       416      0.94     0.949      0.97     0.944      1.31     0.906         0
     37/99     7.38G       1.3     0.877         0      2.18       150       416     0.928     0.936     0.963     0.932      1.33     0.918         0
     38/99     7.38G      1.31     0.885         0      2.19       144       416     0.933     0.951     0.963     0.942      1.25     0.859         0
     39/99     7.38G      1.29     0.885         0      2.18       154       416     0.931     0.955     0.962     0.943      1.25     0.871         0
     40/99     7.38G      1.26     0.845         0       2.1       141       416     0.936     0.958      0.97     0.947      1.22     0.882         0
     41/99     7.38G      1.24     0.855         0       2.1       139       416     0.929     0.955      0.97     0.942      1.26     0.927         0
     42/99     7.38G      1.24     0.853         0      2.09       144       416     0.933     0.958     0.971     0.945      1.22     0.881         0
     43/99     7.38G      1.23     0.846         0      2.07       128       416     0.937     0.956     0.966     0.946      1.26      0.87         0
     44/99     7.38G      1.21     0.835         0      2.05       122       416     0.934     0.962     0.971     0.948      1.22     0.872         0
     45/99     7.38G      1.22     0.842         0      2.06       157       416      0.93     0.958     0.969     0.944       1.2     0.843         0
     46/99     7.38G      1.18     0.809         0      1.99       182       416     0.927     0.961     0.971     0.944      1.17     0.855         0
     47/99     7.38G      1.19     0.825         0      2.02       134       416     0.939     0.959      0.97     0.949      1.18     0.829         0
     48/99     7.38G      1.15     0.821         0      1.97       172       416     0.927     0.963     0.971     0.945      1.19     0.818         0
     49/99     7.38G      1.14     0.794         0      1.93       133       416      0.94     0.962     0.971     0.951      1.15     0.841         0
     50/99     7.38G      1.14     0.794         0      1.93       155       416     0.932     0.962      0.97     0.947      1.14     0.798         0
     51/99     7.38G      1.12      0.77         0      1.89       155       416     0.945     0.959     0.966     0.952      1.14     0.834         0
     52/99     7.38G      1.11     0.783         0      1.89       140       416     0.939     0.961     0.965      0.95      1.16     0.767         0
     53/99     7.38G       1.1     0.758         0      1.86       159       416     0.939     0.965     0.972     0.952      1.14     0.782         0
     54/99     7.38G      1.09     0.756         0      1.85       164       416     0.941     0.962      0.97     0.951      1.15     0.826         0
     55/99     7.38G      1.07     0.763         0      1.84       129       416     0.948     0.962     0.972     0.955      1.14     0.816         0
     56/99     7.38G      1.07     0.762         0      1.83       155       416     0.953     0.963     0.973     0.958      1.11      0.78         0
     57/99     7.38G      1.04     0.739         0      1.78       144       416     0.949     0.965     0.972     0.957       1.1     0.776         0
     58/99     7.38G      1.05      0.75         0       1.8       134       416     0.948     0.964     0.973     0.956      1.09     0.761         0
     59/99     7.38G      1.04      0.73         0      1.77       175       416     0.945     0.965     0.971     0.955      1.08     0.757         0
     60/99     7.38G      1.04      0.72         0      1.76       140       416     0.934     0.965     0.971     0.949       1.1     0.743         0
     61/99     7.38G      1.02     0.701         0      1.72       163       416     0.947     0.966     0.973     0.956       1.1     0.749         0
     62/99     7.38G      1.01     0.718         0      1.73       154       416      0.95     0.963     0.969     0.956      1.07     0.786         0
     63/99     7.38G         1     0.719         0      1.72       146       416     0.949     0.964     0.972     0.956      1.05     0.753         0
     64/99     7.38G      1.01     0.698         0      1.71       157       416     0.947     0.966     0.973     0.957      1.07     0.797         0
     65/99     7.38G     0.984       0.7         0      1.68       146       416      0.95     0.964     0.973     0.957      1.07     0.759         0
     66/99     7.38G     0.976     0.699         0      1.68       175       416     0.951     0.961     0.972     0.956      1.06     0.736         0
     67/99     7.38G     0.981     0.695         0      1.68       117       416     0.948     0.966     0.973     0.957      1.05     0.736         0
     68/99     7.38G     0.967     0.678         0      1.64       123       416     0.943     0.964     0.972     0.954      1.06      0.72         0
     69/99     7.38G     0.973     0.659         0      1.63       141       416     0.949     0.964     0.972     0.957      1.06     0.737         0
     70/99     7.38G     0.964     0.684         0      1.65       131       416     0.948     0.964      0.97     0.956      1.06     0.761         0
     71/99     7.38G     0.947     0.659         0      1.61       183       416     0.944     0.966     0.973     0.955      1.05     0.729         0
     72/99     7.38G     0.939     0.651         0      1.59       161       416     0.951     0.966     0.973     0.958      1.03     0.735         0
     73/99     7.38G     0.932     0.639         0      1.57       147       416     0.956     0.964     0.973      0.96      1.04     0.718         0
     74/99     7.38G     0.931     0.651         0      1.58       176       416     0.947     0.968     0.973     0.957      1.03     0.722         0
     75/99     7.38G     0.921     0.634         0      1.55       149       416     0.957     0.965     0.973     0.961      1.05      0.73         0
     76/99     7.38G     0.924     0.647         0      1.57       165       416     0.948     0.965     0.972     0.957      1.02     0.712         0
     77/99     7.38G     0.907     0.634         0      1.54       133       416     0.957     0.966     0.973     0.962      1.02     0.717         0
     78/99     7.38G     0.916     0.627         0      1.54       157       416     0.951     0.967     0.973     0.959      1.01     0.708         0
     79/99     7.38G     0.905     0.616         0      1.52       150       416     0.956     0.967     0.973     0.962      1.01     0.691         0
     80/99     7.38G     0.899     0.618         0      1.52       127       416     0.955     0.968     0.974     0.961      1.01     0.709         0
     81/99     7.38G     0.902     0.623         0      1.52       141       416     0.955     0.966     0.973     0.961      1.01     0.708         0
     82/99     7.38G     0.879     0.623         0       1.5       147       416     0.954     0.967     0.974     0.961         1      0.69         0
     83/99     7.38G     0.904     0.617         0      1.52       123       416     0.956     0.967     0.973     0.961      1.01     0.696         0
     84/99     7.38G     0.876     0.618         0      1.49       177       416     0.958     0.967     0.973     0.962     0.996     0.674         0
     85/99     7.38G     0.875     0.608         0      1.48       129       416     0.958     0.969     0.974     0.963     0.995      0.69         0
     86/99     7.38G     0.867     0.605         0      1.47       175       416     0.956     0.969     0.974     0.962         1     0.697         0
     87/99     7.38G     0.866     0.605         0      1.47       161       416     0.959     0.965     0.973     0.962     0.998     0.692         0
     88/99     7.38G     0.867     0.616         0      1.48       158       416     0.954     0.967     0.974      0.96     0.995     0.689         0
     89/99     7.38G     0.849     0.584         0      1.43       181       416     0.953     0.967     0.973      0.96      0.99     0.686         0
     90/99     7.38G     0.861     0.585         0      1.45       145       416     0.956     0.966     0.973     0.961     0.987      0.68         0
     91/99     7.38G      0.84     0.577         0      1.42       146       416     0.956     0.967     0.973     0.961     0.982     0.676         0
     92/99     7.38G      0.86      0.58         0      1.44       169       416     0.955     0.968     0.974     0.962      0.98     0.681         0
     93/99     7.38G     0.861     0.585         0      1.45       122       416     0.958     0.967     0.973     0.962     0.985     0.683         0
     94/99     7.38G     0.844     0.591         0      1.44       140       416     0.955     0.968     0.974     0.962     0.982     0.671         0
     95/99     7.38G     0.845     0.574         0      1.42       155       416      0.96     0.968     0.974     0.964     0.983     0.673         0
     96/99     7.38G     0.832     0.573         0      1.41       157       416     0.959     0.967     0.973     0.963     0.977     0.666         0
     97/99     7.38G     0.847     0.592         0      1.44       144       416     0.956     0.967     0.973     0.962      0.98     0.674         0
     98/99     7.38G     0.833     0.567         0       1.4       135       416      0.96     0.967     0.974     0.963     0.979     0.675         0
     99/99     7.38G     0.837     0.576         0      1.41       175       416     0.957     0.967     0.974     0.962      0.98     0.669         0
