      0/99      6.3G      6.27      4.88         0      11.2        54       416     0.196     0.727     0.394     0.308      4.62      2.63         0
      1/99     7.38G       4.3      2.38         0      6.67        65       416     0.458     0.806     0.684     0.584       3.5      2.12         0
      2/99     7.38G      3.73      2.02         0      5.74        59       416     0.746     0.752     0.784     0.749       3.1      2.01         0
      3/99     7.38G      3.18      1.77         0      4.95        31       416     0.765     0.812     0.849     0.788      2.64      1.81         0
      4/99     7.38G      2.75      1.65         0       4.4        45       416     0.771     0.856      0.87     0.811      2.99       2.8         0
      5/99     7.38G      2.54      1.57         0      4.11        41       416     0.843     0.886     0.905     0.864      2.11      1.46         0
      6/99     7.38G      2.32      1.49         0      3.81        42       416     0.842     0.895     0.918     0.868      1.96      1.36         0
      7/99     7.38G      2.22      1.38         0       3.6        41       416      0.88     0.896     0.928     0.888      1.94       1.4         0
      8/99     7.38G      2.08      1.36         0      3.44        40       416     0.847     0.893     0.916      0.87      1.94      1.44         0
      9/99     7.38G      2.01      1.34         0      3.35        55       416     0.876     0.905     0.933     0.891      1.83       1.3         0
     10/99     7.38G      1.96      1.34         0       3.3        54       416     0.882     0.878     0.916      0.88      1.84      1.39         0
     11/99     7.38G      1.89      1.28         0      3.16        37       416     0.896      0.92     0.947     0.908      1.67      1.22         0
     12/99     7.38G      1.81      1.22         0      3.02        49       416     0.877     0.938     0.952     0.906      1.56      1.17         0
     13/99     7.38G      1.76      1.21         0      2.98        57       416     0.906     0.927     0.949     0.916      1.54      1.15         0
     14/99     7.38G      1.73      1.18         0      2.91        46       416     0.906     0.934     0.957      0.92      1.55      1.14         0
     15/99     7.38G      1.69      1.18         0      2.87        60       416     0.931     0.927     0.955     0.929      1.51      1.14         0
     16/99     7.38G      1.66      1.12         0      2.78        42       416     0.924     0.936     0.961      0.93      1.52      1.12         0
     17/99     7.38G      1.63      1.13         0      2.76        45       416     0.936     0.937     0.961     0.936      1.43      1.09         0
     18/99     7.38G      1.59      1.11         0      2.71        70       416     0.931     0.933     0.957     0.932      1.44      1.05         0
     19/99     7.38G      1.59      1.12         0      2.71        55       416     0.917     0.951     0.965     0.934      1.41      1.05         0
     20/99     7.38G      1.52      1.08         0       2.6        46       416     0.914     0.937     0.956     0.925      1.47      1.06         0
     21/99     7.38G      1.49      1.05         0      2.54        54       416      0.93     0.945     0.963     0.937      1.35      1.06         0
     22/99     7.38G      1.49      1.06         0      2.55        36       416      0.92     0.941     0.963     0.931      1.42      1.05         0
     23/99     7.38G      1.44      1.03         0      2.47        27       416     0.941     0.932     0.958     0.937      1.42      1.08         0
     24/99     7.38G      1.45      1.03         0      2.48        48       416     0.919     0.952     0.966     0.935      1.38      1.02         0
     25/99     7.38G      1.42      1.03         0      2.45        38       416      0.93     0.951     0.967      0.94       1.3     0.981         0
     26/99     7.38G       1.4     0.996         0       2.4        41       416     0.929     0.954     0.968     0.941      1.31      0.99         0
     27/99     7.38G      1.39     0.999         0      2.39        50       416      0.94     0.957     0.969     0.949      1.28     0.974         0
     28/99     7.38G      1.35     0.991         0      2.34        36       416     0.938     0.955     0.969     0.947       1.3         1         0
     29/99     7.38G      1.34     0.974         0      2.31        34       416     0.928     0.953     0.969     0.941      1.26     0.944         0
     30/99     7.38G      1.34     0.974         0      2.31        48       416      0.94     0.938     0.958     0.939      1.35         1         0
     31/99     7.38G      1.32     0.926         0      2.25        40       416     0.942     0.956      0.97     0.949      1.21     0.896         0
     32/99     7.38G      1.31     0.923         0      2.23        39       416     0.939      0.96     0.971     0.949      1.23     0.913         0
     33/99     7.38G      1.28     0.942         0      2.22        51       416      0.92     0.961      0.97      0.94      1.22     0.956         0
     34/99     7.38G      1.28     0.931         0      2.21        62       416      0.94     0.959     0.971     0.949      1.19      0.91         0
     35/99     7.38G      1.26     0.916         0      2.17        42       416      0.94      0.95     0.969     0.945      1.25     0.945         0
     36/99     7.38G      1.24     0.896         0      2.14        32       416      0.95     0.956     0.972     0.953       1.2     0.908         0
     37/99     7.38G      1.21     0.904         0      2.12        43       416     0.946      0.96     0.972     0.953      1.19     0.905         0
     38/99     7.38G      1.22     0.897         0      2.12        45       416     0.944     0.953     0.969     0.948      1.21     0.939         0
     39/99     7.38G       1.2     0.885         0      2.09        41       416     0.954     0.956     0.972     0.955      1.17     0.916         0
     40/99     7.38G       1.2     0.871         0      2.07        56       416      0.95     0.958     0.971     0.954      1.17     0.897         0
     41/99     7.38G      1.17     0.862         0      2.03        43       416      0.94     0.958     0.971     0.949      1.17     0.897         0
     42/99     7.38G      1.15     0.845         0         2        51       416     0.947      0.96     0.972     0.953      1.16     0.949         0
     43/99     7.38G      1.15     0.851         0         2        43       416     0.951     0.963     0.979     0.957      1.12     0.873         0
     44/99     7.38G      1.14     0.844         0      1.98        51       416     0.942     0.959     0.972     0.951      1.13     0.867         0
     45/99     7.38G      1.14     0.829         0      1.97        48       416     0.945      0.96     0.976     0.953      1.12     0.845         0
     46/99     7.38G       1.1     0.813         0      1.91        38       416     0.941     0.963     0.973     0.952      1.11     0.835         0
     47/99     7.38G       1.1     0.821         0      1.92        56       416     0.952     0.959     0.974     0.955       1.1     0.823         0
     48/99     7.38G      1.09     0.798         0      1.89        55       416     0.949     0.964     0.978     0.957       1.1      0.83         0
     49/99     7.38G      1.08     0.811         0      1.89        50       416     0.948      0.96     0.972     0.954      1.11     0.828         0
     50/99     7.38G      1.06     0.786         0      1.84        58       416     0.948     0.959     0.972     0.954      1.11     0.857         0
     51/99     7.38G      1.06     0.789         0      1.85        36       416     0.953     0.964     0.973     0.958      1.09     0.864         0
     52/99     7.38G      1.04     0.769         0      1.81        46       416     0.951     0.967      0.98     0.959      1.07     0.842         0
     53/99     7.38G      1.03      0.76         0      1.79        44       416     0.947     0.967     0.973     0.957      1.05     0.825         0
     54/99     7.38G      1.03     0.772         0       1.8        44       416      0.96     0.963     0.973     0.962      1.07     0.843         0
     55/99     7.38G      1.02     0.757         0      1.78        55       416     0.956     0.963     0.973      0.96      1.06     0.779         0
     56/99     7.38G         1     0.741         0      1.74        49       416     0.954     0.965     0.973     0.959      1.05     0.801         0
     57/99     7.38G         1     0.753         0      1.75        51       416     0.958     0.967     0.976     0.962      1.04     0.783         0
     58/99     7.38G     0.985     0.737         0      1.72        33       416     0.958     0.967      0.98     0.962      1.04     0.777         0
     59/99     7.38G     0.982     0.731         0      1.71        39       416     0.958     0.965     0.976     0.962      1.03     0.787         0
     60/99     7.38G      0.98     0.725         0       1.7        38       416     0.959     0.963     0.973     0.961      1.05      0.78         0
     61/99     7.38G     0.963     0.707         0      1.67        37       416      0.96     0.961     0.973      0.96      1.02     0.777         0
     62/99     7.38G     0.958     0.698         0      1.66        37       416     0.961     0.966      0.98     0.963      1.02      0.78         0
     63/99     7.38G     0.948     0.721         0      1.67        52       416     0.962     0.969      0.98     0.965      1.02     0.779         0
     64/99     7.38G     0.937     0.692         0      1.63        51       416     0.962     0.966     0.975     0.964      1.02     0.802         0
     65/99     7.38G     0.936     0.694         0      1.63        46       416     0.951     0.968     0.974     0.959      1.02     0.774         0
     66/99     7.38G     0.931      0.69         0      1.62        42       416      0.95     0.968     0.974     0.959     0.998     0.769         0
     67/99     7.38G     0.914     0.685         0       1.6        30       416     0.955     0.969      0.98     0.962     0.995     0.773         0
     68/99     7.38G     0.921     0.669         0      1.59        52       416     0.958     0.969      0.98     0.963         1     0.765         0
     69/99     7.38G      0.91     0.687         0       1.6        46       416     0.959     0.968      0.98     0.963         1     0.774         0
     70/99     7.38G     0.898      0.67         0      1.57        51       416      0.95     0.966     0.975     0.958     0.993     0.771         0
     71/99     7.38G     0.893     0.665         0      1.56        36       416      0.96     0.966     0.974     0.963     0.982     0.746         0
     72/99     7.38G     0.901     0.659         0      1.56        50       416     0.958     0.966     0.977     0.962     0.989     0.741         0
     73/99     7.38G     0.878     0.661         0      1.54        37       416     0.962     0.969     0.978     0.966     0.986     0.737         0
     74/99     7.38G     0.874     0.649         0      1.52        50       416     0.959     0.968     0.974     0.963     0.983     0.768         0
     75/99     7.38G     0.874     0.649         0      1.52        45       416     0.968     0.967     0.981     0.967     0.986     0.747         0
     76/99     7.38G     0.867      0.63         0       1.5        31       416     0.962     0.969     0.974     0.966      0.96     0.723         0
     77/99     7.38G     0.852     0.634         0      1.49        67       416     0.961     0.969     0.974     0.965     0.973     0.726         0
     78/99     7.38G     0.853     0.639         0      1.49        47       416     0.963     0.968     0.974     0.966     0.975     0.719         0
     79/99     7.38G     0.856     0.612         0      1.47        50       416      0.96     0.966     0.974     0.963     0.972     0.739         0
     80/99     7.38G     0.847     0.626         0      1.47        45       416     0.962     0.968     0.974     0.965     0.963     0.751         0
     81/99     7.38G     0.842     0.616         0      1.46        34       416      0.96      0.97     0.981     0.965     0.962     0.728         0
     82/99     7.38G     0.843     0.636         0      1.48        52       416     0.962     0.966      0.98     0.964     0.961     0.736         0
     83/99     7.38G     0.838     0.609         0      1.45        34       416     0.962     0.969     0.979     0.965     0.955     0.742         0
     84/99     7.38G     0.827     0.601         0      1.43        30       416     0.961     0.967     0.974     0.964     0.956     0.738         0
     85/99     7.38G     0.832     0.605         0      1.44        37       416      0.96     0.968     0.978     0.964     0.947     0.719         0
     86/99     7.38G     0.827     0.609         0      1.44        40       416     0.961     0.969     0.974     0.965     0.948     0.725         0
     87/99     7.38G     0.823     0.608         0      1.43        49       416      0.96     0.969     0.974     0.964     0.939     0.726         0
     88/99     7.38G     0.817     0.609         0      1.43        33       416     0.965     0.969     0.974     0.967     0.949     0.737         0
     89/99     7.38G     0.806      0.59         0       1.4        47       416      0.96     0.969     0.976     0.965     0.944     0.738         0
     90/99     7.38G     0.798     0.586         0      1.38        54       416     0.962     0.969     0.981     0.965     0.945     0.726         0
     91/99     7.38G     0.802       0.6         0       1.4        40       416     0.964      0.97     0.978     0.967      0.94     0.732         0
     92/99     7.38G     0.803     0.574         0      1.38        48       416     0.962     0.971     0.976     0.966     0.939     0.736         0
     93/99     7.38G       0.8     0.579         0      1.38        36       416     0.962      0.97     0.977     0.966     0.938     0.736         0
     94/99     7.38G     0.798     0.576         0      1.37        44       416     0.963      0.97     0.978     0.967     0.937     0.734         0
     95/99     7.38G     0.798     0.574         0      1.37        50       416     0.962      0.97     0.975     0.966     0.934     0.738         0
     96/99     7.38G     0.797     0.576         0      1.37        71       416     0.963      0.97     0.975     0.967     0.937      0.74         0
     97/99     7.38G     0.792     0.591         0      1.38        37       416     0.963      0.97     0.974     0.967     0.936     0.721         0
     98/99     7.38G      0.79     0.575         0      1.36        51       416     0.965     0.969     0.974     0.967     0.933     0.732         0
     99/99     7.38G      0.79     0.563         0      1.35        37       416     0.963     0.969     0.977     0.966     0.931     0.734         0
