      0/99     6.31G      6.38       4.8         0      11.2       101       416     0.221     0.688     0.348     0.335      4.72       2.8         0
      1/99     7.35G       4.4      2.28         0      6.67        40       416     0.483     0.752      0.68     0.588       3.9      2.29         0
      2/99     7.36G      3.94      1.95         0      5.89        50       416     0.572     0.797     0.758     0.666      3.36      1.84         0
      3/99     7.36G      3.34      1.73         0      5.08        61       416     0.605     0.855     0.837     0.709      2.84       1.7         0
      4/99     7.36G      2.87      1.63         0       4.5        61       416     0.715     0.867     0.867     0.784      2.62      1.69         0
      5/99     7.36G      2.63       1.5         0      4.13        49       416     0.799     0.872     0.895     0.834      2.35      1.45         0
      6/99     7.36G      2.45      1.44         0      3.89        56       416     0.792     0.904     0.913     0.844      2.07      1.37         0
      7/99     7.36G      2.32      1.38         0      3.71        72       416     0.818     0.906     0.918      0.86      2.11      1.33         0
      8/99     7.36G       2.2      1.33         0      3.53        46       416      0.84     0.895     0.919     0.867      2.09      1.34         0
      9/99     7.36G      2.14      1.29         0      3.44        55       416     0.833     0.914     0.929     0.872      1.84      1.24         0
     10/99     7.36G      2.04      1.25         0      3.29        44       416     0.866     0.912     0.932     0.888      1.81      1.35         0
     11/99     7.36G      1.96      1.25         0      3.21        58       416     0.854     0.919     0.935     0.886      1.72      1.21         0
     12/99     7.36G       1.9       1.2         0       3.1        48       416     0.877     0.924     0.938       0.9      1.68       1.2         0
     13/99     7.36G      1.87      1.21         0      3.08        71       416     0.877     0.928     0.946     0.902       1.7      1.22         0
     14/99     7.36G      1.83      1.17         0         3        61       416     0.913     0.914     0.946     0.914      1.64      1.17         0
     15/99     7.36G       1.8      1.13         0      2.93        49       416     0.918     0.927     0.951     0.923      1.61      1.09         0
     16/99     7.36G      1.74      1.11         0      2.85        72       416     0.902     0.929     0.948     0.915      1.61       1.1         0
     17/99     7.36G      1.72      1.12         0      2.84        53       416     0.895     0.941     0.954     0.918      1.59      1.11         0
     18/99     7.36G      1.69      1.09         0      2.78        66       416     0.889     0.934     0.948     0.911      1.53      1.11         0
     19/99     7.36G      1.67      1.05         0      2.72        64       416     0.907     0.938     0.953     0.922      1.48      1.06         0
     20/99     7.36G      1.61      1.04         0      2.65        75       416     0.907     0.939     0.955     0.923      1.47      1.04         0
     21/99     7.36G      1.61      1.04         0      2.65        64       416     0.896      0.94     0.953     0.917      1.52      1.03         0
     22/99     7.36G      1.54      1.03         0      2.58        80       416     0.931     0.936     0.955     0.933      1.49     0.999         0
     23/99     7.36G      1.55      1.04         0      2.59        71       416     0.915     0.944     0.958     0.929      1.43     0.977         0
     24/99     7.36G      1.53     0.998         0      2.53        61       416      0.91     0.944     0.957     0.927      1.38     0.979         0
     25/99     7.36G       1.5     0.987         0      2.49        82       416     0.894     0.947     0.961      0.92      1.41     0.959         0
     26/99     7.36G      1.49     0.999         0      2.49        50       416      0.92     0.943     0.958     0.931       1.4     0.995         0
     27/99     7.36G      1.45     0.989         0      2.44        68       416     0.907      0.94     0.955     0.923      1.35     0.985         0
     28/99     7.36G      1.44      0.96         0      2.41        60       416     0.926     0.949     0.962     0.938      1.33     0.931         0
     29/99     7.36G      1.44     0.964         0       2.4        50       416     0.917     0.952     0.966     0.934       1.3     0.983         0
     30/99     7.36G      1.41     0.938         0      2.35        63       416     0.917     0.944     0.959      0.93      1.36     0.962         0
     31/99     7.36G      1.38     0.946         0      2.33        49       416     0.915     0.951     0.963     0.933      1.32     0.951         0
     32/99     7.36G      1.39     0.931         0      2.32        77       416     0.924     0.952     0.965     0.938      1.34     0.943         0
     33/99     7.36G      1.36     0.925         0      2.29        55       416     0.916     0.947     0.964     0.931       1.3     0.935         0
     34/99     7.36G      1.34     0.902         0      2.24        32       416     0.922     0.955     0.966     0.938      1.28      0.94         0
     35/99     7.36G      1.35     0.919         0      2.27        71       416     0.939     0.951     0.968     0.945      1.28     0.891         0
     36/99     7.36G      1.33     0.872         0       2.2        59       416     0.921     0.958     0.968     0.939      1.25     0.891         0
     37/99     7.36G      1.31     0.875         0      2.18        44       416     0.931     0.954     0.967     0.942      1.25     0.892         0
     38/99     7.36G      1.29     0.865         0      2.15        47       416     0.946     0.947     0.969     0.947      1.25     0.882         0
     39/99     7.36G      1.27     0.858         0      2.13        64       416      0.92     0.954     0.968     0.937      1.27     0.878         0
     40/99     7.36G      1.26     0.857         0      2.12        51       416     0.934     0.952     0.967     0.943      1.21     0.853         0
     41/99     7.36G      1.26     0.847         0       2.1        46       416     0.931     0.957     0.968     0.944      1.22     0.863         0
     42/99     7.36G      1.22     0.825         0      2.04        56       416      0.94     0.954     0.969     0.947      1.21     0.847         0
     43/99     7.36G      1.22      0.85         0      2.06        71       416     0.939     0.956      0.97     0.947       1.2     0.869         0
     44/99     7.36G      1.21      0.86         0      2.07        65       416     0.939     0.952     0.968     0.945      1.23      0.88         0
     45/99     7.36G       1.2     0.814         0      2.01        49       416     0.945     0.946     0.968     0.945      1.24     0.885         0
     46/99     7.36G      1.19     0.824         0      2.02        54       416     0.943     0.957      0.97      0.95       1.2     0.888         0
     47/99     7.36G      1.17     0.801         0      1.97        54       416     0.936     0.958     0.968     0.947      1.18     0.826         0
     48/99     7.36G      1.14     0.823         0      1.97        80       416      0.94     0.954      0.97     0.947      1.19     0.832         0
     49/99     7.36G      1.15     0.804         0      1.95        48       416     0.942     0.957      0.97     0.949      1.16     0.839         0
     50/99     7.36G      1.14     0.776         0      1.92        67       416     0.943     0.958      0.97     0.951      1.16     0.813         0
     51/99     7.36G      1.12     0.787         0      1.91        64       416     0.946     0.953     0.969     0.949      1.17     0.809         0
     52/99     7.36G      1.12     0.778         0       1.9        60       416     0.936     0.956      0.97     0.946      1.14      0.81         0
     53/99     7.36G      1.11     0.772         0      1.89        68       416     0.941     0.959      0.97      0.95      1.14     0.803         0
     54/99     7.36G      1.09     0.755         0      1.85        60       416     0.931     0.962     0.971     0.946      1.12     0.821         0
     55/99     7.36G      1.09     0.759         0      1.85        63       416     0.937     0.959      0.97     0.948      1.11     0.786         0
     56/99     7.36G      1.09     0.761         0      1.85        77       416     0.942     0.963     0.971     0.953       1.1     0.778         0
     57/99     7.36G      1.07     0.753         0      1.83        61       416     0.932     0.962     0.971     0.947      1.12     0.784         0
     58/99     7.36G      1.07     0.756         0      1.83        58       416     0.947     0.962     0.972     0.954       1.1     0.814         0
     59/99     7.36G      1.05     0.724         0      1.77        45       416     0.955      0.96     0.971     0.957       1.1     0.805         0
     60/99     7.36G      1.06     0.714         0      1.77        41       416     0.944     0.961     0.971     0.952      1.11     0.773         0
     61/99     7.36G      1.05     0.733         0      1.78        70       416     0.949     0.961     0.971     0.955      1.09     0.752         0
     62/99     7.36G      1.03     0.714         0      1.74        79       416     0.948     0.961     0.971     0.954      1.09     0.768         0
     63/99     7.36G      1.01     0.701         0      1.71        49       416     0.953     0.962     0.971     0.957      1.08     0.759         0
     64/99     7.36G      1.01     0.712         0      1.72        62       416     0.946     0.961     0.971     0.953      1.08     0.754         0
     65/99     7.36G         1     0.696         0       1.7        38       416      0.95     0.964     0.972     0.957      1.07     0.772         0
     66/99     7.36G     0.997     0.695         0      1.69        56       416     0.949     0.962     0.972     0.955      1.06     0.755         0
     67/99     7.36G     0.991     0.688         0      1.68        58       416     0.949     0.962     0.972     0.955      1.05     0.753         0
     68/99     7.36G     0.992     0.676         0      1.67        64       416     0.942     0.962     0.972     0.952      1.05     0.734         0
     69/99     7.36G     0.977     0.675         0      1.65        47       416     0.949     0.962     0.972     0.955      1.06     0.749         0
     70/99     7.36G     0.963     0.658         0      1.62        54       416     0.946     0.962     0.972     0.954      1.05     0.734         0
     71/99     7.36G     0.958     0.656         0      1.61        59       416     0.951     0.965     0.973     0.958      1.02     0.721         0
     72/99     7.36G     0.965     0.679         0      1.64        50       416     0.953     0.963     0.972     0.958      1.04     0.713         0
     73/99     7.36G     0.942     0.665         0      1.61        58       416     0.951     0.965     0.972     0.958      1.04     0.719         0
     74/99     7.36G     0.942     0.653         0      1.59        67       416     0.946     0.963     0.972     0.954      1.04     0.733         0
     75/99     7.36G     0.916     0.634         0      1.55        56       416     0.948     0.964     0.972     0.956      1.03     0.712         0
     76/99     7.36G     0.937     0.657         0      1.59        62       416     0.951     0.964     0.972     0.958      1.02     0.696         0
     77/99     7.36G     0.921      0.65         0      1.57        50       416     0.952     0.965     0.972     0.958      1.01     0.704         0
     78/99     7.36G     0.918     0.633         0      1.55        59       416     0.946     0.965     0.972     0.955      1.01     0.715         0
     79/99     7.36G     0.914     0.653         0      1.57        69       416     0.952     0.965     0.972     0.959      1.01     0.708         0
     80/99     7.36G      0.91     0.618         0      1.53        60       416     0.953     0.962     0.972     0.958      1.02     0.722         0
     81/99     7.36G      0.91     0.628         0      1.54        63       416     0.948     0.963     0.972     0.956      1.01     0.707         0
     82/99     7.36G     0.892      0.62         0      1.51        38       416     0.953     0.965     0.972     0.959         1     0.705         0
     83/99     7.36G     0.902      0.61         0      1.51        69       416     0.951     0.964     0.972     0.958         1     0.703         0
     84/99     7.36G     0.889     0.602         0      1.49        49       416     0.952     0.962     0.972     0.957         1     0.691         0
     85/99     7.36G     0.891     0.608         0       1.5        61       416     0.952     0.962     0.972     0.957         1     0.703         0
     86/99     7.36G     0.892     0.614         0      1.51        52       416     0.954     0.964     0.972     0.959     0.986     0.691         0
     87/99     7.36G     0.872     0.585         0      1.46        30       416     0.955     0.965     0.972      0.96      0.98     0.688         0
     88/99     7.36G     0.877     0.601         0      1.48        70       416     0.954     0.964     0.972     0.959     0.987     0.709         0
     89/99     7.36G     0.871     0.613         0      1.48        79       416     0.953     0.966     0.972     0.959     0.982     0.692         0
     90/99     7.36G     0.871     0.585         0      1.46        49       416     0.951     0.965     0.972     0.958     0.986     0.691         0
     91/99     7.36G     0.867     0.583         0      1.45        60       416     0.955     0.965     0.973      0.96     0.984      0.69         0
     92/99     7.36G     0.865     0.582         0      1.45        57       416     0.954     0.966     0.973      0.96     0.981     0.685         0
     93/99     7.36G     0.862     0.596         0      1.46        82       416     0.952     0.966     0.973     0.959      0.98      0.68         0
     94/99     7.36G     0.861     0.588         0      1.45        50       416     0.954     0.965     0.973      0.96     0.981     0.679         0
     95/99     7.36G      0.86     0.593         0      1.45        47       416     0.956     0.966     0.973     0.961     0.984     0.677         0
     96/99     7.36G     0.856     0.574         0      1.43        45       416     0.955     0.967     0.973     0.961     0.976     0.679         0
     97/99     7.36G     0.858     0.579         0      1.44        65       416     0.956     0.966     0.973     0.961     0.976     0.687         0
     98/99     7.36G     0.846     0.576         0      1.42        80       416     0.955     0.966     0.973     0.961     0.977     0.679         0
     99/99     7.36G     0.852     0.576         0      1.43        67       416     0.954     0.966     0.973      0.96     0.976     0.691         0
