      0/99     6.31G      6.67       4.9      2.24      13.8        86       416    0.0294    0.0712    0.0372    0.0416      5.36      3.24      1.58
      1/99     7.37G      4.93      2.37       1.3      8.61        67       416     0.278     0.248     0.241      0.23      3.92      2.29      1.18
      2/99     7.37G       4.4      2.04      1.08      7.52        89       416     0.587     0.329     0.314      0.28       4.1      1.95      1.01
      3/99     7.37G      3.82      1.78     0.805       6.4        59       416     0.426     0.414     0.407      0.39      3.35      1.79     0.728
      4/99     7.37G      3.32      1.69     0.613      5.63        71       416     0.464     0.567     0.527       0.5      2.79      1.68     0.563
      5/99     7.37G      3.03      1.61     0.477      5.12        92       416     0.604     0.598     0.612     0.586      2.74      1.62     0.443
      6/99     7.37G      2.86      1.54     0.387      4.79        80       416     0.619     0.623     0.632      0.61      2.62      1.54     0.394
      7/99     7.37G      2.73      1.49     0.333      4.55        76       416     0.575     0.641     0.623     0.601      2.71      1.52     0.348
      8/99     7.37G      2.61      1.43       0.3      4.34        71       416     0.618     0.656     0.648     0.631      2.35      1.44     0.325
      9/99     7.37G      2.49      1.42     0.268      4.18        93       416      0.65     0.679     0.685     0.658      2.27      1.39     0.273
     10/99     7.37G      2.43      1.38     0.254      4.06        59       416     0.687     0.641     0.672     0.656       2.2      1.43     0.291
     11/99     7.37G      2.32      1.33     0.234      3.88        90       416     0.791     0.691     0.743     0.689      2.19      1.34     0.261
     12/99     7.37G      2.26       1.3     0.222      3.78        60       416     0.813     0.689     0.726     0.698      2.05      1.32     0.231
     13/99     7.37G      2.24       1.3     0.217      3.76        52       416     0.813     0.721     0.741     0.718      1.96      1.33     0.219
     14/99     7.37G      2.15      1.25     0.195       3.6        62       416     0.767     0.734     0.749      0.74      1.95       1.3     0.218
     15/99     7.37G      2.12      1.25     0.193      3.57        94       416     0.821     0.703     0.738     0.728      1.93      1.29     0.232
     16/99     7.37G      2.08      1.23      0.18      3.49        48       416     0.811     0.773     0.784     0.774      1.84      1.21      0.21
     17/99     7.37G      2.05      1.23     0.178      3.46        51       416     0.854     0.733     0.765     0.753      1.87       1.2     0.193
     18/99     7.37G      2.01      1.19      0.17      3.37        59       416     0.771     0.778     0.781      0.77      1.82       1.2     0.184
     19/99     7.37G      1.98       1.2     0.168      3.35        78       416     0.751     0.775     0.771     0.758      1.81       1.2     0.188
     20/99     7.37G      1.94      1.16     0.157      3.26        60       416     0.759     0.795     0.796      0.77      1.76      1.17     0.179
     21/99     7.37G       1.9      1.16     0.151      3.21        51       416     0.865     0.732     0.756     0.745      1.79       1.2     0.173
     22/99     7.37G      1.87      1.14     0.142      3.15        86       416     0.839     0.751     0.777     0.769       1.7      1.13      0.17
     23/99     7.37G      1.87      1.13     0.139      3.14        68       416     0.815     0.791     0.797     0.799      1.72      1.13      0.17
     24/99     7.37G      1.82       1.1     0.138      3.06        70       416     0.843     0.803     0.817     0.814      1.67      1.09     0.164
     25/99     7.37G       1.8      1.09     0.141      3.03        69       416      0.82     0.801       0.8     0.801      1.67      1.11     0.161
     26/99     7.37G      1.78      1.07     0.134      2.99        56       416     0.805     0.793     0.806     0.788      1.63       1.1     0.154
     27/99     7.37G      1.75      1.08      0.13      2.96        68       416     0.884     0.796     0.822     0.825      1.67      1.16     0.152
     28/99     7.37G      1.72      1.06     0.122      2.89        47       416     0.882      0.81     0.825     0.834      1.65       1.1     0.147
     29/99     7.37G      1.71      1.04     0.119      2.86        64       416     0.831     0.756     0.781     0.765      1.61      1.09     0.147
     30/99     7.37G      1.68      1.04     0.119      2.85        85       416     0.866     0.803     0.824     0.816      1.56      1.07     0.137
     31/99     7.37G      1.65      1.05      0.12      2.82        74       416      0.86       0.8     0.821     0.819      1.57      1.06     0.139
     32/99     7.37G      1.65      1.01     0.118      2.78        56       416     0.846       0.8     0.815     0.816      1.53      1.03     0.149
     33/99     7.37G      1.63      1.02     0.113      2.76        52       416     0.864     0.808     0.826     0.826      1.56      1.03     0.133
     34/99     7.37G      1.61      1.02      0.11      2.74        67       416     0.841     0.797     0.805      0.81      1.55      1.03     0.129
     35/99     7.37G      1.59      1.01     0.105       2.7        64       416     0.846     0.768     0.793     0.799      1.61      1.06     0.123
     36/99     7.37G      1.57     0.984     0.112      2.66        54       416     0.817     0.808     0.816     0.808      1.47      1.03     0.133
     37/99     7.37G      1.54      0.98    0.0998      2.62       101       416     0.797     0.812     0.807     0.803      1.49      1.04      0.13
     38/99     7.37G      1.54     0.978    0.0974      2.62        59       416     0.827     0.763     0.791     0.778      1.49      1.04     0.142
     39/99     7.37G      1.52     0.963     0.103      2.58        54       416     0.857       0.8      0.82     0.821      1.48      1.02     0.128
     40/99     7.37G       1.5     0.969     0.094      2.57        94       416     0.866      0.78     0.806     0.811      1.48      1.04     0.143
     41/99     7.37G      1.49     0.949    0.0983      2.53        79       416     0.827     0.749     0.782     0.766      1.48         1     0.126
     42/99     7.37G      1.48     0.941    0.0918      2.51        70       416     0.854     0.821     0.824     0.835      1.43         1     0.126
     43/99     7.37G      1.45     0.942     0.088      2.48       104       416     0.858     0.825     0.836     0.838      1.41      1.01      0.12
     44/99     7.37G      1.44     0.913      0.09      2.44        71       416     0.868     0.817     0.826     0.837      1.41     0.972     0.124
     45/99     7.37G      1.44     0.934    0.0933      2.46        82       416     0.865     0.824     0.835     0.839       1.4     0.984     0.119
     46/99     7.37G      1.41     0.902    0.0905       2.4        80       416      0.88     0.798      0.83     0.826      1.42      1.02     0.126
     47/99     7.37G      1.41     0.897    0.0849      2.39        61       416     0.878     0.821     0.845     0.842       1.4     0.947     0.125
     48/99     7.37G      1.38     0.916    0.0842      2.38        96       416     0.837     0.827     0.839      0.83      1.41      1.01     0.119
     49/99     7.37G      1.37     0.899    0.0852      2.36        74       416     0.853     0.811     0.837     0.827      1.38     0.972     0.132
     50/99     7.37G      1.33     0.873     0.078      2.28        74       416     0.854     0.824     0.838     0.835      1.35     0.946     0.119
     51/99     7.37G      1.34     0.861    0.0835      2.29        65       416     0.851     0.812      0.83     0.828      1.37     0.948     0.119
     52/99     7.37G      1.31     0.866    0.0771      2.26        49       416     0.865     0.819     0.838     0.838      1.34     0.947      0.11
     53/99     7.37G      1.32     0.873    0.0751      2.27        61       416     0.875     0.815     0.837     0.839      1.36     0.967     0.106
     54/99     7.37G      1.29     0.839    0.0718       2.2        83       416     0.883     0.824     0.844     0.847      1.32     0.931     0.113
     55/99     7.37G      1.28     0.847    0.0721       2.2        87       416     0.873     0.822     0.842      0.84      1.32     0.974     0.114
     56/99     7.37G      1.27     0.807     0.075      2.15        69       416     0.885     0.817     0.835     0.843      1.35      1.06     0.113
     57/99     7.37G      1.24     0.822    0.0713      2.14        46       416     0.884     0.816      0.84      0.84      1.31     0.942     0.111
     58/99     7.37G      1.25     0.835    0.0681      2.15        63       416     0.872     0.822     0.845     0.837      1.29      0.95     0.106
     59/99     7.37G      1.23     0.824    0.0685      2.12        75       416     0.859     0.816     0.834     0.832      1.28       0.9     0.103
     60/99     7.37G      1.21     0.799    0.0676      2.07        53       416     0.849     0.829     0.844     0.837      1.28     0.914     0.104
     61/99     7.37G      1.21     0.808    0.0648      2.08        80       416      0.87     0.825     0.844     0.842      1.28     0.895     0.108
     62/99     7.37G       1.2     0.798    0.0651      2.06        83       416     0.854     0.828     0.842     0.837      1.29     0.895     0.105
     63/99     7.37G      1.19     0.772    0.0648      2.02        53       416     0.878     0.829     0.843     0.847      1.28     0.875    0.0994
     64/99     7.37G      1.17     0.774     0.063      2.01        57       416     0.839     0.825     0.839     0.829      1.26     0.889    0.0986
     65/99     7.37G      1.17     0.786    0.0615      2.02        60       416     0.886     0.819     0.841     0.844      1.25     0.868    0.0957
     66/99     7.37G      1.16     0.755    0.0596      1.97        85       416     0.878     0.822      0.84     0.841      1.27     0.877     0.098
     67/99     7.37G      1.13     0.749    0.0588      1.94        69       416     0.858     0.825     0.841     0.839      1.24     0.844    0.0927
     68/99     7.37G      1.12     0.757    0.0544      1.93        80       416     0.895      0.82     0.846     0.849      1.25      0.86    0.0983
     69/99     7.37G      1.11     0.754     0.057      1.92        90       416     0.882      0.82     0.851     0.845      1.25     0.851    0.0967
     70/99     7.37G      1.11     0.735    0.0513      1.89        75       416     0.877     0.816     0.846     0.838      1.25     0.882    0.0881
     71/99     7.37G       1.1     0.733    0.0549      1.89        59       416      0.89     0.826     0.851     0.852      1.24     0.858     0.094
     72/99     7.37G      1.09     0.742    0.0536      1.89        65       416     0.906     0.816     0.847     0.848      1.24     0.864     0.097
     73/99     7.37G      1.09     0.733    0.0525      1.87        86       416     0.878     0.827     0.852     0.849      1.23     0.876    0.0964
     74/99     7.37G      1.08      0.72    0.0559      1.86        74       416     0.877     0.828     0.854     0.847      1.21     0.857    0.0948
     75/99     7.37G      1.09     0.709    0.0494      1.85        64       416     0.879     0.825     0.849     0.846      1.21     0.865    0.0954
     76/99     7.37G      1.06     0.719    0.0512      1.83        83       416     0.879     0.826      0.85     0.847      1.21     0.862    0.0896
     77/99     7.37G      1.05     0.714    0.0491      1.81       102       416       0.9     0.823     0.852     0.854      1.21     0.883    0.0904
     78/99     7.37G      1.05     0.694    0.0521      1.79        86       416     0.895     0.827      0.84     0.854      1.21     0.842    0.0909
     79/99     7.37G      1.04     0.694    0.0498      1.78        75       416     0.887     0.823     0.845     0.849      1.21     0.841    0.0887
     80/99     7.37G      1.03     0.682    0.0457      1.76        62       416     0.886     0.827     0.853     0.851       1.2     0.842    0.0875
     81/99     7.37G      1.03     0.699     0.048      1.78        84       416     0.882     0.826     0.853     0.849       1.2     0.833    0.0884
     82/99     7.37G      1.01     0.697    0.0466      1.76        60       416     0.874     0.825     0.853     0.844      1.19     0.827     0.087
     83/99     7.37G      1.02     0.692    0.0484      1.76        84       416     0.892     0.836     0.855     0.859      1.18     0.814    0.0883
     84/99     7.37G      1.01     0.677    0.0454      1.73        64       416     0.902     0.835     0.859     0.861      1.17     0.804    0.0858
     85/99     7.37G         1     0.673    0.0463      1.72        61       416     0.892     0.833     0.858     0.856      1.18     0.817    0.0848
     86/99     7.37G         1     0.655    0.0496       1.7        46       416     0.885     0.826     0.846     0.849      1.18     0.803    0.0853
     87/99     7.37G     0.989     0.662     0.048       1.7        58       416     0.901      0.83     0.856     0.858      1.18     0.809    0.0879
     88/99     7.37G     0.987     0.678    0.0417      1.71        60       416     0.896     0.833     0.859     0.858      1.18     0.815     0.087
     89/99     7.37G      0.99     0.652     0.046      1.69        63       416     0.891      0.83     0.855     0.855      1.17     0.807    0.0856
     90/99     7.37G     0.981     0.647    0.0461      1.67        72       416     0.883     0.826     0.848     0.849      1.17     0.804    0.0875
     91/99     7.37G     0.973     0.654    0.0409      1.67        72       416     0.902     0.831      0.86     0.858      1.17     0.803    0.0856
     92/99     7.37G     0.983     0.648    0.0401      1.67        63       416     0.897     0.834     0.857     0.859      1.16     0.798    0.0857
     93/99     7.37G     0.983     0.655    0.0438      1.68        55       416     0.902     0.825     0.856     0.855      1.16     0.792    0.0849
     94/99     7.37G     0.977     0.632    0.0422      1.65        65       416       0.9     0.829     0.855     0.857      1.16     0.796    0.0839
     95/99     7.37G     0.972     0.645    0.0441      1.66        78       416     0.898     0.826     0.857     0.853      1.16     0.803    0.0839
     96/99     7.37G     0.968     0.653    0.0438      1.66        75       416     0.904     0.828     0.857     0.857      1.17     0.801    0.0873
     97/99     7.37G     0.969     0.644    0.0433      1.66        70       416     0.901     0.833     0.858      0.86      1.16     0.797    0.0851
     98/99     7.37G     0.952     0.637    0.0412      1.63        54       416     0.905     0.836      0.86     0.863      1.16     0.799    0.0866
     99/99     7.37G     0.955     0.646    0.0397      1.64        74       416       0.9     0.827      0.86     0.855      1.15     0.799    0.0859
